639.43 25.01 9.13 -2.77 2.36
676.70 892.18 6.30 -0.78 -4.70
218.64 505.36 5.40 -3.01 1.50
544.94 220.44 13.84 3.09 -4.94
805.82 698.14 10.10 -3.45 4.57
336.59 92.75 6.45 3.47 1.04
807.13 729.73 13.04 4.73 -1.21
552.04 829.40 14.28 3.62 0.77
704.57 45.82 8.42 -2.11 -4.20
232.79 101.00 9.17 1.36 -1.35
370.18 209.51 9.00 4.37 1.48
609.13 171.14 15.94 -3.37 -1.21
989.52 640.00 13.35 1.85 3.43
776.00 229.05 5.48 -1.85 -2.32
210.98 942.91 18.15 -1.85 1.55
395.63 914.55 11.88 -2.35 -2.53
561.37 262.74 13.77 3.98 -1.01
219.32 997.54 12.64 -4.09 -4.53
109.65 627.45 16.88 -0.78 -4.36
381.62 996.12 12.94 4.71 3.61
11.48 720.72 15.23 0.37 -2.33
640.96 111.55 11.52 -0.46 4.54
875.85 263.39 12.51 -3.21 4.13
870.52 298.44 14.58 1.09 -3.47
762.51 539.38 16.68 0.30 -4.99
324.16 19.48 18.94 3.79 3.32
307.51 57.93 18.17 4.47 -4.14
485.99 69.21 16.41 2.66 -3.72
475.28 549.80 8.98 3.72 -0.77
211.80 539.30 15.95 -2.99 -1.88
995.15 649.88 11.57 0.18 -3.79
224.70 338.09 13.82 -2.70 -2.80
70.99 631.10 8.43 4.05 3.60
70.86 238.00 15.03 -2.86 -3.68
935.51 571.04 12.09 2.85 3.07
190.41 96.93 11.47 -0.76 -0.33
729.08 673.36 19.76 -4.02 -0.97
339.30 861.67 8.73 -3.10 -0.51
421.88 278.55 8.75 4.23 -0.57
861.35 550.33 5.76 4.99 3.36
969.00 926.37 17.73 -3.34 -0.14
213.75 401.04 5.88 -1.21 4.85
265.20 784.07 11.83 -0.77 4.57
995.42 555.77 15.78 -3.45 -2.03
968.71 579.18 13.13 2.48 -4.43
584.18 502.85 17.79 -3.43 4.61
80.11 185.82 13.93 1.75 -2.65
119.89 890.29 8.69 0.95 1.19
419.22 583.67 12.84 4.35 -2.96
716.19 238.69 10.94 1.72 -2.00
